     1.23696      152.702  1.66533e-16        27349
     1.23667  8.77662e-11  2.77556e-17      25866.6
     1.23667  8.77662e-11  2.77556e-17      25866.6
     1.23667  8.77662e-11  2.77556e-17      25866.6
     1.23666  7.04858e-11  5.55112e-17      28601.2
     1.23649  9.73159e-11  5.55112e-17       150822
     1.23418   1.3074e-10  5.55112e-17  1.77749e+06
     1.21761  1.10958e-10            0  1.34775e+07
     1.21762  1.09139e-10  2.77556e-17  1.34743e+07
     1.21762  1.09139e-10  2.77556e-17  1.34743e+07
     1.21762  1.09139e-10  2.77556e-17  1.34743e+07
     1.21762  1.09139e-10  2.77556e-17  1.34743e+07
     1.21759  1.23691e-10  2.77556e-17  1.34951e+07
     1.21709  1.16415e-10  5.55112e-17  1.38487e+07
     1.20479  1.03682e-10 -5.55112e-17    2.253e+07
     1.19886  1.45519e-10  2.77556e-17  2.67187e+07
     1.19887  9.45874e-11 -2.77556e-17  2.67155e+07
     1.19887  9.45874e-11 -2.77556e-17  2.67155e+07
     1.19887  9.45874e-11 -2.77556e-17  2.67155e+07
     1.19886  9.45874e-11            0  2.67181e+07
      1.1987  1.16415e-10 -5.55112e-17  2.68352e+07
     1.19651  1.09139e-10 -2.77556e-17  2.83777e+07
      1.1804  6.54836e-11 -1.11022e-16   3.9756e+07
      1.1804  8.73115e-11 -5.55112e-17  3.97529e+07
      1.1804  8.73115e-11 -5.55112e-17  3.97529e+07
      1.1804  8.73115e-11 -5.55112e-17  3.97529e+07
      1.1804  8.73115e-11 -5.55112e-17  3.97529e+07
     1.18037  6.54836e-11 -5.55112e-17  3.97726e+07
     1.17989  9.45874e-11 -5.55112e-17  4.01102e+07
     1.16816  1.09139e-10            0  4.83967e+07
     1.16222  8.73115e-11 -1.11022e-16  5.25925e+07
     1.16222  7.27596e-11 -1.11022e-16  5.25894e+07
     1.16222  7.27596e-11 -1.11022e-16  5.25894e+07
     1.16222  7.27596e-11 -1.11022e-16  5.25894e+07
     1.16222  1.01863e-10            0  5.25918e+07
     1.16206  1.01863e-10 -2.77556e-17  5.27041e+07
     1.15999  7.27596e-11 -1.11022e-16  5.41668e+07
     1.14432  1.16415e-10 -2.77556e-17  6.52313e+07
     1.14432  1.01863e-10 -8.32667e-17  6.52282e+07
     1.14432  1.01863e-10 -8.32667e-17  6.52282e+07
     1.14195  4.36557e-11 -1.66533e-16  6.52152e+07
     1.09446  1.01863e-10 -8.32667e-17   6.4955e+07
  0.00126459  1.45519e-11  -2.1684e-17  5.89836e+07
    -1.31104 -5.82077e-11 -1.66533e-16  5.21175e+07
    -1.32224 -5.82077e-11 -2.77556e-16  6.00253e+07
    -1.32819 -1.45519e-11 -2.22045e-16  6.42238e+07
    -1.32818 -1.45519e-11 -1.38778e-16  6.42207e+07
    -1.32818 -2.18279e-11 -2.77556e-16  6.42188e+07
    -1.32796 -3.63798e-11 -3.05311e-16  6.40614e+07
    -1.32511            0 -1.66533e-16  6.20525e+07
    -1.29053 -2.91038e-11 -8.32667e-17  3.76345e+07
    -1.29249 -8.73115e-11 -5.55112e-17  3.90216e+07
    -1.30773 -3.63798e-11 -8.32667e-17  4.97801e+07
    -1.30773 -4.36557e-11 -2.77556e-17  4.97771e+07
    -1.30773 -4.36557e-11 -2.77556e-17  4.97771e+07
    -1.30769 -2.91038e-11 -1.66533e-16  4.97523e+07
    -1.30698 -8.73115e-11 -1.66533e-16   4.9251e+07
    -1.29076 -4.00178e-11 -5.55112e-17  3.77946e+07
    -1.27096 -1.09139e-10 -1.11022e-16  2.38176e+07
    -1.28165 -5.45697e-11 -1.11022e-16   3.1362e+07
    -1.28759 -4.72937e-11 -1.11022e-16  3.55589e+07
    -1.28759 -4.36557e-11 -1.11022e-16   3.5556e+07
    -1.28758 -6.54836e-11 -5.55112e-17  3.55542e+07
    -1.28737 -5.45697e-11 -5.55112e-17   3.5405e+07
    -1.28467 -2.91038e-11 -5.55112e-17  3.34954e+07
    -1.25108 -1.00044e-10 -5.55112e-17  9.78105e+06
    -1.25294 -1.30967e-10 -8.32667e-17  1.10966e+07
    -1.26776 -6.91216e-11 -1.11022e-16  2.15567e+07
    -1.26775 -5.09317e-11 -8.32667e-17  2.15538e+07
    -1.26775 -5.09317e-11 -8.32667e-17  2.15538e+07
    -1.26772 -5.09317e-11 -5.55112e-17  2.15303e+07
    -1.26704 -6.18456e-11 -8.32667e-17  2.10511e+07
    -1.25162 -6.27551e-11 -8.32667e-17  1.01655e+07
     -1.2321 -4.82032e-11            0 -3.61715e+06
     -1.2423 -6.63931e-11            0  3.57898e+06
    -1.24823 -6.82121e-11 -2.77556e-17  7.77017e+06
    -1.24823 -8.73115e-11 -5.55112e-17  7.76734e+06
    -1.24823 -1.63709e-11 -2.77556e-17  7.76577e+06
    -1.24803 -4.45652e-11 -2.77556e-17  7.62443e+06
    -1.24486 -1.03682e-10 -8.32667e-17  5.81223e+06
    -1.21224 -1.81899e-11 -2.77556e-17 -1.72177e+07
    -1.21401 -4.00178e-11            0 -1.59699e+07
    -1.22841 -4.91127e-11            0 -5.80076e+06
    -1.22839 -3.27418e-11 -5.55112e-17 -5.80343e+06
    -1.22785 -6.63931e-11 -5.55112e-17 -5.80048e+06
    -1.21743 -3.63798e-11            0 -5.76588e+06
    -1.18992 -4.45652e-11 -2.77556e-17 -6.07668e+06
    -1.17529 -6.54836e-11 -2.77556e-17  -1.6412e+07
    -1.15605 -4.00178e-11  5.55112e-17 -2.99962e+07
    -1.16577 -2.18279e-11  5.55112e-17 -2.31339e+07
    -1.17169 -2.18279e-11            0 -1.89523e+07
    -1.17156 -6.73026e-11            0 -1.89529e+07
    -1.16976 -4.72937e-11  2.77556e-17 -1.89241e+07
    -1.13524            0 -2.77556e-17 -1.84817e+07
    -1.13243 -5.27507e-11 -5.55112e-17 -2.01951e+07
    -1.10075            0  2.77556e-17 -4.25593e+07
    -1.10243 -1.45519e-11  2.77556e-17 -4.13758e+07
    -1.11643  2.54659e-11            0 -3.14902e+07
    -1.11641 -4.36557e-11  8.32667e-17 -3.14923e+07
    -1.11591 -6.18456e-11  5.55112e-17 -3.14782e+07
    -1.10634 -1.05501e-10 -5.55112e-17 -3.12278e+07
    -1.08027 -1.23691e-10            0 -3.09414e+07
    -1.06637 -8.36735e-11  8.32667e-17 -4.07589e+07
    -1.04742 -5.82077e-11  1.38778e-16  -5.4141e+07
    -1.05669 -3.63798e-11  1.66533e-16 -4.75986e+07
    -1.06259 -5.82077e-11  5.55112e-17 -4.34303e+07
    -1.06247 -3.63798e-11  8.32667e-17 -4.34281e+07
    -1.06081 -2.91038e-11  5.55112e-17 -4.33622e+07
     -1.0285 -9.09495e-11            0 -4.21874e+07
     -1.0257 -5.82077e-11  8.32667e-17 -4.38029e+07
   -0.994943 -7.27596e-11  1.11022e-16 -6.55197e+07
   -0.996533 -4.36557e-11  1.94289e-16 -6.43972e+07
    -1.01014 -4.36557e-11  5.55112e-17 -5.47879e+07
    -1.01012 -5.82077e-11  2.77556e-17 -5.47896e+07
    -1.00966 -1.45519e-11  8.32667e-17 -5.47652e+07
    -1.00088 -1.45519e-11  8.32667e-17 -5.43216e+07
   -0.976208 -7.27596e-11  1.11022e-16 -5.34646e+07
    -0.96301 -5.82077e-11  8.32667e-17 -6.27891e+07
   -0.944348 -1.01863e-10  1.38778e-16 -7.59658e+07
   -0.947927 -4.36557e-11    2.498e-16  -6.9701e+07
   -0.872181 -4.36557e-11  5.55112e-17 -6.51022e+07
     1.05738  2.18279e-11    2.498e-16 -5.45251e+07
     1.45965  2.91038e-11  1.11022e-16 -5.22297e+07
     1.48984  7.27596e-11  2.22045e-16 -5.03732e+07
     1.49263  3.63798e-11  1.66533e-16 -5.18891e+07
     1.52249  4.36557e-11  1.66533e-16  -7.2976e+07
     1.52095            0  2.77556e-16 -7.19035e+07
     1.50652  6.54836e-11  5.55112e-17 -6.22873e+07
     1.48809  4.36557e-11  1.66533e-16 -5.80344e+07
     1.39594  7.27596e-11  5.55112e-17 -3.66654e+07
     1.40399  6.91216e-11  1.38778e-16 -3.60494e+07
     1.42731            0  1.38778e-16  -3.4648e+07
     1.43984  1.09139e-11  1.38778e-16  -4.3503e+07
     1.45821  5.82077e-11  1.66533e-16 -5.64717e+07
     1.44956 -7.27596e-12  1.38778e-16 -5.04766e+07
     1.44007  9.09495e-11    2.498e-16  -4.5526e+07
     1.35385 -1.81899e-11  1.11022e-16 -2.60578e+07
     1.33607  6.91216e-11  8.32667e-17 -2.16019e+07
     1.36423  5.45697e-11  8.32667e-17 -1.91126e+07
     1.36701  5.09317e-11  1.38778e-16 -2.05267e+07
     1.39601  3.27418e-11  1.11022e-16 -4.10027e+07
     1.39455  1.20053e-10  1.11022e-16 -3.99847e+07
     1.38057  1.81899e-11  1.38778e-16 -3.06595e+07
     1.36346  1.30967e-10  8.32667e-17 -2.68866e+07
     1.27558  3.27418e-11  5.55112e-17 -7.39682e+06
     1.28295  3.18323e-11  5.55112e-17 -6.62758e+06
     1.30496   8.4583e-11  5.55112e-17 -4.70759e+06
     1.31686  2.54659e-11  5.55112e-17 -1.31156e+07
     1.33493  5.82077e-11  8.32667e-17  -2.5874e+07
     1.32669  5.45697e-11  8.32667e-17 -2.01656e+07
     1.31748  7.63976e-11  8.32667e-17  -1.5328e+07
     1.23661  2.50111e-12  2.77556e-17   2.0936e+06
     1.21868  5.54792e-11  5.55112e-17  6.38486e+06
     1.24491  2.91038e-11            0  9.45963e+06
     1.24769  7.36691e-11  2.77556e-17  8.15002e+06
     1.27584  8.18545e-11  8.32667e-17 -1.17319e+07
     1.27446  7.63976e-11  5.55112e-17 -1.07657e+07
     1.26091  8.70841e-11  2.77556e-17 -1.72265e+06
     1.24445  7.34417e-11            0  1.60562e+06
     1.16069  4.00178e-11  5.55112e-17  1.92971e+07
     1.16743  5.45697e-11            0  2.02019e+07
     1.18817  7.63976e-11  5.55112e-17  2.26154e+07
     1.19942  5.45697e-11  2.77556e-17  1.46324e+07
     1.21631  5.00222e-11            0  2.08163e+06
     1.18706  6.36646e-11            0  7.39854e+06
     1.16322 -3.63798e-12            0  1.20451e+07
     1.08747  5.82077e-11 -5.55112e-17  2.75464e+07
     1.06945  4.36557e-11 -5.55112e-17  3.16502e+07
     1.09383  7.63976e-11 -8.32667e-17  3.52648e+07
      1.0966  8.36735e-11 -5.55112e-17  3.40625e+07
     1.12365  9.27685e-11  2.77556e-17  1.47533e+07
     1.11887  9.27685e-11            0   1.5611e+07
     1.07457  7.27596e-11            0  2.38454e+07
     1.05989  8.73115e-11 -5.55112e-17  2.67655e+07
    0.980105  5.45697e-11 -5.55112e-17  4.27372e+07
     0.98625  7.27596e-11 -2.77556e-17  4.37614e+07
     1.00577  5.09317e-11 -1.66533e-16  4.66438e+07
     1.01645  2.18279e-11            0  3.90647e+07
     1.03316  4.36557e-11 -2.77556e-17    2.671e+07
     1.00722  2.91038e-11            0  3.13341e+07
    0.985104  3.63798e-11 -1.11022e-16  3.55581e+07
    0.914162  7.27596e-11 -8.32667e-17  4.92723e+07
    0.896108  7.27596e-11 -2.77556e-17  5.31676e+07
    0.918732  2.18279e-11 -1.38778e-16  5.72781e+07
    0.921491  4.36557e-11            0  5.61863e+07
    0.947793  3.63798e-11 -2.77556e-17   3.7433e+07
    0.943569  4.00178e-11 -1.38778e-17  3.81757e+07
    0.903508  4.72937e-11 -2.77556e-17  4.55015e+07
    0.889904  3.63798e-11 -1.11022e-16  4.80501e+07
    0.813953  5.82077e-11 -1.66533e-16  6.23785e+07
    0.819554  7.27596e-11   -1.249e-16  6.35071e+07
     0.83789  5.82077e-11 -1.66533e-16  6.68344e+07
    0.848034  2.18279e-11   -1.249e-16  5.96396e+07
    0.864542  4.36557e-11 -8.32667e-17  4.74849e+07
    0.841627  2.18279e-11 -6.93889e-17  5.14961e+07
    0.821197  4.36557e-11 -1.94289e-16  5.53254e+07
    0.754815  5.82077e-11 -1.11022e-16  6.73725e+07
    0.736693  5.82077e-11 -8.32667e-17  7.10395e+07
    0.745953  1.45519e-11 -1.11022e-16  7.55398e+07
    0.595227  5.82077e-11 -1.38778e-16  7.37208e+07
     -1.5938 -2.91038e-11 -1.11022e-16  4.33738e+07
    -1.59751 -8.73115e-11 -1.11022e-16  4.40154e+07
     -1.6336 -5.09317e-11 -2.77556e-16  5.05205e+07
     -1.6462 -7.27596e-11 -1.94289e-16  5.27285e+07
    -1.71846 -2.91038e-11 -1.11022e-16  6.54875e+07
    -1.71321 -1.16415e-10 -1.38778e-16  6.66871e+07
    -1.69287 -9.45874e-11 -1.66533e-16  7.00084e+07
    -1.61498 -7.27596e-11   -2.498e-16  5.38996e+07
    -1.48582            0 -8.32667e-17  2.66047e+07
    -1.50597 -7.27596e-11 -1.11022e-16  3.00758e+07
    -1.52476 -4.72937e-11 -1.66533e-16   3.3538e+07
    -1.58683 -4.00178e-11 -1.11022e-16  4.40325e+07
    -1.60479 -2.91038e-11 -2.22045e-16  4.74538e+07
    -1.58457 -4.36557e-11 -1.11022e-16  5.23207e+07
    -1.57065 -8.73115e-11 -1.11022e-16  4.99986e+07
    -1.38085 -9.09495e-12 -5.55112e-17  1.07961e+07
     -1.3841 -1.21872e-10 -5.55112e-17  1.13494e+07
    -1.41646 -3.27418e-11 -1.11022e-16  1.71161e+07
    -1.42813 -3.81988e-11 -8.32667e-17  1.90121e+07
    -1.49682 -1.09139e-11 -1.11022e-16  3.02735e+07
    -1.49206 -1.01863e-10 -1.11022e-16  3.15546e+07
    -1.47311 -1.45519e-11 -1.66533e-16  3.53458e+07
    -1.40243 -1.09139e-11 -1.11022e-16  2.11852e+07
    -1.28106 -7.59428e-11 -2.77556e-17 -3.69763e+06
    -1.29869 -5.77529e-11 -5.55112e-17      -700210
     -1.3159 -7.77618e-11 -5.55112e-17  2.42258e+06
    -1.37388 -1.27329e-11 -5.55112e-17   1.1473e+07
    -1.39172 -6.73026e-11 -1.11022e-16  1.46331e+07
     -1.3731 -9.45874e-11 -8.32667e-17  1.98949e+07
    -1.36028 -4.54747e-11 -1.38778e-16  1.79516e+07
    -1.18417 -1.27329e-11 -2.77556e-17 -1.72936e+07
      -1.187 -2.00089e-11  5.55112e-17 -1.68173e+07
    -1.21588 -7.09406e-11 -2.77556e-17 -1.17116e+07
    -1.22668 -8.00355e-11            0 -1.01011e+07
    -1.29195 -9.50422e-11 -5.55112e-17      -267699
    -1.28763 -3.22871e-11 -5.55112e-17   1.0831e+06
    -1.27001 -5.91172e-12 -5.55112e-17  5.31496e+06
    -1.20538 -6.82121e-11 -5.55112e-17 -7.08368e+06
    -1.09153 -4.36557e-11  2.77556e-17  -2.9683e+07
    -1.10687 -8.00355e-11            0  -2.7099e+07
    -1.12254 -7.27596e-11  2.77556e-17 -2.42883e+07
    -1.17655 -1.81899e-11 -2.77556e-17 -1.65782e+07
    -1.19267 -3.63798e-12 -5.55112e-17 -1.36849e+07
    -1.14248 -6.00267e-11 -2.77556e-17 -7.88599e+06
    -1.12884 -1.63709e-11 -2.77556e-17 -9.45869e+06
   -0.965665 -7.27596e-11  1.38778e-17 -4.10318e+07
   -0.968112 -2.54659e-11  4.16334e-17 -4.06222e+07
   -0.993736 -4.36557e-11  5.55112e-17 -3.61051e+07
     -1.0037 -1.45519e-11  5.55112e-17  -3.4755e+07
    -1.06525 -1.45519e-11  2.77556e-17 -2.62751e+07
    -1.05389 -8.00355e-11            0 -2.47345e+07
    -1.01217 -6.54836e-11  2.77556e-17 -1.96447e+07
   -0.954274 -2.91038e-11  5.55112e-17 -3.04561e+07
   -0.847667 -5.82077e-11 -4.16334e-17  -5.0898e+07
   -0.860919 -5.82077e-11  8.32667e-17 -4.86728e+07
   -0.875113 -4.36557e-11 -2.77556e-17  -4.6147e+07
   -0.925489 -5.09317e-11  8.32667e-17 -3.96781e+07
   -0.941713 -4.00178e-11  6.93889e-17 -3.70423e+07
   -0.899118 -4.36557e-11  1.38778e-17 -3.02717e+07
   -0.886579 -4.72937e-11  2.77556e-17 -3.14694e+07
   -0.735613 -2.91038e-11 -1.38778e-17 -5.96401e+07
   -0.737716            0  1.11022e-16 -5.92879e+07
   -0.760298 -3.63798e-11  8.32667e-17 -5.52916e+07
   -0.769512 -4.36557e-11  2.77556e-17 -5.41792e+07
   -0.827963 -5.82077e-11 -4.16334e-17 -4.69868e+07
   -0.818534 -2.91038e-11  1.11022e-16 -4.52558e+07
   -0.782708 -3.63798e-11  1.11022e-16 -3.92716e+07
    -0.73041 -4.36557e-11  4.16334e-17 -4.86585e+07
   -0.630772 -3.63798e-11  1.52656e-16 -6.70663e+07
   -0.642132 -5.82077e-11  9.71445e-17 -6.51504e+07
   -0.654899 -2.91038e-11  5.55112e-17 -6.28829e+07
   -0.701845 -2.91038e-11  1.52656e-16 -5.75629e+07
   -0.718096 -4.36557e-11  1.11022e-16 -5.52026e+07
   -0.682376 -3.63798e-11  4.16334e-17 -4.76279e+07
   -0.670904 -4.36557e-11  8.32667e-17 -4.84696e+07
   -0.531461 -5.09317e-11  2.35922e-16 -7.34927e+07
   -0.532678 -4.36557e-11  1.52656e-16 -7.31865e+07
   -0.529678 -4.36557e-11    1.249e-16 -6.95229e+07
   -0.216535 -2.18279e-11  1.04083e-16 -6.68646e+07
     1.72621            0  1.94289e-16 -4.99493e+07
     1.73393  4.36557e-11  5.55112e-17 -4.80716e+07
     1.76434  1.09139e-11  1.38778e-16 -4.13136e+07
     1.81149  1.09139e-10  5.55112e-17  -4.9422e+07
     1.90443  6.54836e-11  1.66533e-16 -6.59162e+07
     1.89433  5.82077e-11  2.22045e-16 -6.42218e+07
     1.87552  8.73115e-11  1.11022e-16 -6.14774e+07
      1.6506  9.45874e-11  1.66533e-16 -3.99155e+07
     1.56916  1.23691e-10  1.11022e-16  -3.1616e+07
     1.59868  1.09139e-10  8.32667e-17  -2.3389e+07
     1.60911  5.82077e-11  8.32667e-17 -2.38934e+07
     1.73768  1.16415e-10  1.66533e-16 -4.60095e+07
     1.73612  1.16415e-10  1.38778e-16 -4.57431e+07
     1.71671  8.00355e-11  1.11022e-16 -4.23953e+07
      1.6766  7.27596e-11  1.66533e-16 -3.88003e+07
     1.41835  5.82077e-11  8.32667e-17 -1.55343e+07
     1.42458 -1.81899e-12  5.55112e-17 -1.35478e+07
        1.45  3.63798e-12  2.77556e-17 -6.12796e+06
     1.49244  2.18279e-11  1.11022e-16 -1.30913e+07
     1.57895  8.00355e-11  8.32667e-17 -2.77893e+07
     1.57046  4.72937e-11  8.32667e-17 -2.63295e+07
     1.55386  4.72937e-11  8.32667e-17 -2.39542e+07
     1.35389   8.8221e-11  5.55112e-17 -7.31439e+06
     1.27726  6.77574e-11  2.77556e-17      -472341
      1.3012  8.00355e-11            0  8.27019e+06
     1.31062  4.18368e-11  5.55112e-17  8.08466e+06
     1.42895  2.18279e-11  8.32667e-17 -1.13516e+07
     1.42765  2.18279e-11  5.55112e-17 -1.11215e+07
     1.41098  6.82121e-11  5.55112e-17 -8.16623e+06
     1.37566  9.73159e-11  5.55112e-17 -5.46713e+06
     1.14219  9.82254e-11  5.55112e-17  1.24837e+07
      1.1471  2.00089e-11            0  1.45461e+07
     1.16797  6.91216e-11 -2.77556e-17  2.25247e+07
     1.20608  8.36735e-11  2.77556e-17  1.65844e+07
     1.28643  1.45519e-11  2.77556e-17  3.56841e+06
     1.27938  6.00267e-11  2.77556e-17  4.83088e+06
     1.26487  9.09495e-11  2.77556e-17   6.8836e+06
     1.08709  6.54836e-11            0  1.91822e+07
      1.0153  2.54659e-11            0  2.46076e+07
     1.03426  2.54659e-11 -1.11022e-16  3.37429e+07
     1.04268  4.36557e-11 -5.55112e-17   3.3858e+07
     1.15112  3.27418e-11 -5.55112e-17  1.68872e+07
     1.14701  5.09317e-11            0  1.70692e+07
     1.10007  5.82077e-11 -2.77556e-17    1.951e+07
     1.06915  7.82165e-11            0   2.1426e+07
    0.858766  2.91038e-11 -2.77556e-17  3.45664e+07
    0.862529  6.54836e-11 -5.55112e-17  3.66763e+07
    0.879221  2.91038e-11  5.55112e-17  4.51188e+07
    0.913341  3.63798e-11  2.77556e-17  4.00896e+07
    0.987133  2.18279e-11 -5.55112e-17  2.86331e+07
    0.965962  5.09317e-11  2.77556e-17  2.94542e+07
    0.937895  2.91038e-11 -2.77556e-17   3.0949e+07
    0.781485  1.45519e-11 -5.55112e-17  3.94397e+07
     0.71455  3.63798e-11 -5.55112e-17  4.34961e+07
    0.729054  4.36557e-11            0  5.29144e+07
    0.736518  4.36557e-11 -1.11022e-16   5.3312e+07
    0.835923  4.00178e-11 -8.32667e-17  3.86142e+07
    0.832812  5.09317e-11 -5.55112e-17  3.87004e+07
    0.796045  3.27418e-11 -6.93889e-17  4.02271e+07
    0.768998  6.54836e-11 -1.38778e-16  4.14733e+07
    0.580092  4.36557e-11  2.77556e-17  5.02748e+07
    0.582856  1.45519e-11  5.55112e-17  5.24079e+07
     0.59575  4.36557e-11 -8.32667e-17  6.12273e+07
    0.626258  2.91038e-11  2.77556e-17  5.70075e+07
     0.69458  3.63798e-11 -5.55112e-17  4.70028e+07
    0.678746  4.36557e-11 -5.55112e-17  4.74067e+07
    0.656244  3.63798e-11 -5.55112e-17  4.83565e+07
    0.518688  2.91038e-11 -8.32667e-17  5.35269e+07
    0.456586            0 -1.04083e-16  5.62673e+07
    0.467135  2.91038e-11 -6.93889e-17  6.58711e+07
    0.473668  4.36557e-11 -1.11022e-16  6.65332e+07
    0.564544  5.09317e-11 -4.16334e-17  5.39298e+07
