     1.00222      100.244            0      2471.89
      1.0022      127.341  1.44691e-05      3140.08
     1.00216      163.124  3.35759e-05      4022.44
     1.00212      210.847  5.90578e-05      5199.21
     1.00206      275.163  0.000108073      6785.16
     1.00198      362.856  0.000154898      8947.58
     1.00187      483.892  0.000219527      11932.2
     1.00172      653.174  0.000309917      16106.4
      1.0015       893.37  0.000427208      22029.4
     1.00118      1239.55  0.000576563      30565.8
     1.00072      1746.89  0.000800425      43076.1
     1.00003      2504.04   0.00114174      61746.5
    0.998983      3656.43   0.00165744      90162.8
    0.998306      4402.13   0.00193888       108551
    0.997403         5396   0.00230768       133059
    0.996221      6697.75   0.00277515       165158
    0.994648      8431.03    0.0033985       207899
    0.992514      10782.4   0.00422166       265879
    0.989559        14039   0.00531716       346185
    0.985372        18655   0.00680656       460009
    0.979111      25337.1    0.0092631       624782
    0.970087      35253.7    0.0136877       869310
    0.956332        50363    0.0206389  1.24189e+06
    0.934912      73885.1    0.0317413  1.82191e+06
    0.901155       110940    0.0495754  2.73563e+06
    0.848405       168831    0.0778561  4.16316e+06
    0.769342       255592     0.120558  6.30257e+06
     0.66077       374740     0.179049  9.24061e+06
    0.530991       517209     0.246931  1.27537e+07
    0.405941       654607     0.307582  1.61418e+07
    0.331586       736603     0.331586  1.81637e+07
    0.312115       758716     0.312115   1.8709e+07
    0.281211       793830     0.281211  1.95748e+07
    0.233204       848386     0.233204  2.09201e+07
    0.163035       928122     0.163035  2.28863e+07
   0.0713476  1.03227e+06    0.0713476  2.54544e+07
  -0.0292104  1.14659e+06   -0.0292104  2.82734e+07
   -0.111257   1.2398e+06    -0.111257  3.05719e+07
   -0.132292  1.26342e+06    -0.132292  3.11543e+07
   -0.128828    1.259e+06    -0.128828  3.10455e+07
   -0.123396  1.25214e+06    -0.123396  3.08763e+07
   -0.115117   1.2418e+06    -0.115117  3.06212e+07
   -0.103423  1.22721e+06    -0.103423  3.02614e+07
  -0.0889235  1.20885e+06   -0.0889235  2.98087e+07
  -0.0743439  1.18928e+06   -0.0743439  2.93262e+07
  -0.0642847  1.17332e+06   -0.0642847  2.89325e+07
  -0.0628376  1.16465e+06   -0.0628376  2.87188e+07
  -0.0617433  1.15232e+06   -0.0617433  2.84148e+07
  -0.0600754  1.13299e+06   -0.0600754   2.7938e+07
  -0.0575837  1.10362e+06   -0.0575837   2.7214e+07
  -0.0540482   1.0622e+06   -0.0540482  2.61926e+07
  -0.0492617  1.01072e+06   -0.0492617  2.49231e+07
  -0.0430567       958349   -0.0430567  2.36317e+07
  -0.0364984       920556   -0.0364984  2.26998e+07
  -0.0305364       910429   -0.0305364    2.245e+07
  -0.0212115       898034   -0.0212115  2.21444e+07
 -0.00635412       879064  -0.00635412  2.16766e+07
   0.0159208       851120    0.0159208  2.09875e+07
   0.0457656       813139    0.0457656   2.0051e+07
   0.0785595       768025    0.0785595  1.89385e+07
    0.104386       723397     0.104386  1.78381e+07
    0.106021       691747     0.106021  1.70576e+07
   0.0861255       664025    0.0861255   1.6374e+07
   0.0544735       620669    0.0544735  1.53049e+07
  0.00500228       553539   0.00500228  1.36496e+07
   -0.068173       454161    -0.068173   1.1199e+07
    -0.16556       319730     -0.16556  7.88414e+06
   -0.275854       161558    -0.275854  3.98381e+06
   -0.370778      11209.5    -0.370778       276412
   -0.403376       -75953    -0.403376  -1.8729e+06
   -0.396213      -129949    -0.396213 -3.20438e+06
   -0.385096      -215267    -0.385096 -5.30822e+06
   -0.368207      -346479    -0.368207 -8.54373e+06
   -0.344065      -534891    -0.344065 -1.31897e+07
   -0.312944      -774738    -0.312944 -1.91041e+07
   -0.278638 -1.02916e+06    -0.278638 -2.53777e+07
   -0.249014 -1.22317e+06    -0.249014 -3.01619e+07
   -0.232767 -1.26382e+06    -0.232767 -3.11641e+07
   -0.212462 -1.27828e+06    -0.212462 -3.15208e+07
   -0.180548  -1.3013e+06    -0.180548 -3.20883e+07
   -0.132414 -1.33623e+06    -0.132414 -3.29496e+07
  -0.0658753 -1.38441e+06   -0.0658753 -3.41379e+07
   0.0138752 -1.44128e+06    0.0138752 -3.55402e+07
   0.0906394 -1.49364e+06    0.0906394 -3.68313e+07
    0.135308 -1.51725e+06     0.135308 -3.74135e+07
    0.137406 -1.50156e+06     0.137406 -3.70267e+07
     0.14019  -1.4765e+06      0.14019 -3.64087e+07
    0.144739 -1.43759e+06     0.144739 -3.54493e+07
    0.152002 -1.37966e+06     0.152002 -3.40206e+07
    0.162806 -1.30054e+06     0.162806 -3.20698e+07
    0.176959 -1.20619e+06     0.176959  -2.9743e+07
       0.192 -1.11472e+06        0.192 -2.74876e+07
     0.20267 -1.05728e+06      0.20267 -2.60713e+07
    0.198144 -1.02997e+06     0.198144 -2.53977e+07
    0.190952      -986965     0.190952 -2.43373e+07
    0.179855      -920294     0.179855 -2.26933e+07
    0.163573      -822592     0.163573 -2.02841e+07
    0.141893      -693740     0.141893 -1.71068e+07
    0.116327      -549906     0.116327   -1.356e+07
    0.092475      -426887     0.092475 -1.05265e+07
   0.0794636      -381943    0.0794636 -9.41823e+06
   0.0688482      -367036    0.0688482 -9.05063e+06
   0.0518376      -343851    0.0518376 -8.47893e+06
   0.0257175      -308602    0.0257175 -7.60974e+06
  -0.0109619      -258253   -0.0109619  -6.3682e+06
  -0.0551014      -193819   -0.0551014 -4.77934e+06
  -0.0962346      -124297   -0.0962346 -3.06501e+06
   -0.116709     -66242.8    -0.116709 -1.63346e+06
   -0.101135     -37768.2    -0.101135      -931316
  -0.0755401     -4835.92   -0.0755401      -119248
  -0.0350837      46728.2   -0.0350837  1.15226e+06
   0.0263666       125286    0.0263666   3.0894e+06
    0.112073       236932     0.112073  5.84245e+06
    0.215733       378051     0.215733  9.32226e+06
    0.316413       527318     0.316413   1.3003e+07
    0.375423       643916     0.375423  1.58782e+07
    0.370318       684535     0.370318  1.68798e+07
    0.356046       736286     0.356046  1.81559e+07
    0.333915       817286     0.333915  2.01532e+07
    0.301202       937827     0.301202  2.31256e+07
    0.257235  1.10029e+06     0.257235  2.71318e+07
    0.206148  1.28781e+06     0.206148  3.17557e+07
    0.159068   1.4563e+06     0.159068  3.59105e+07
    0.134337  1.52864e+06     0.134337  3.76944e+07
    0.122667  1.52714e+06     0.122667  3.76573e+07
    0.104261  1.52518e+06     0.104261  3.76091e+07
   0.0758564  1.52251e+06    0.0758564  3.75431e+07
    0.034607   1.5185e+06     0.034607  3.74442e+07
  -0.0190005  1.51185e+06   -0.0190005  3.72803e+07
  -0.0782272  1.50133e+06   -0.0782272   3.7021e+07
    -0.12748  1.48415e+06     -0.12748  3.65974e+07
   -0.144385  1.45743e+06    -0.144385  3.59383e+07
   -0.152712  1.42145e+06    -0.152712  3.50513e+07
    -0.16609  1.36502e+06     -0.16609  3.36597e+07
   -0.187032  1.27864e+06    -0.187032  3.15296e+07
   -0.217712  1.15467e+06    -0.217712  2.84727e+07
   -0.257506       995702    -0.257506  2.45527e+07
   -0.300218       823908    -0.300218  2.03165e+07
   -0.332523       684460    -0.332523  1.68779e+07
   -0.332361       632301    -0.332361  1.55917e+07
    -0.31842       583078     -0.31842   1.4378e+07
   -0.296573       505733    -0.296573  1.24707e+07
   -0.263609       388845    -0.263609  9.58842e+06
   -0.217816       226442    -0.217816  5.58377e+06
   -0.161954      30114.2    -0.161954       742578
   -0.106252      -161394    -0.106252 -3.97977e+06
  -0.0696415      -279467   -0.0696415  -6.8913e+06
  -0.0607385      -291487   -0.0607385 -7.18769e+06
  -0.0469217      -306655   -0.0469217 -7.56173e+06
  -0.0252621      -330170   -0.0252621 -8.14158e+06
  0.00645439      -365197   0.00645439  -9.0053e+06
   0.0475374      -413153    0.0475374 -1.01878e+07
   0.0906506      -470369    0.0906506 -1.15987e+07
    0.121953      -526287     0.121953 -1.29776e+07
    0.118787      -562605     0.118787 -1.38731e+07
    0.100623      -580885     0.100623 -1.43239e+07
   0.0719001      -609363    0.0719001 -1.50261e+07
   0.0274162      -653666    0.0274162 -1.61186e+07
  -0.0369597      -719326   -0.0369597 -1.77377e+07
   -0.119473      -807760    -0.119473 -1.99184e+07
   -0.207242      -910600    -0.207242 -2.24542e+07
   -0.273651 -1.00528e+06    -0.273651  -2.4789e+07
   -0.282734  -1.0506e+06    -0.282734 -2.59064e+07
   -0.270889  -1.0726e+06    -0.270889  -2.6449e+07
   -0.252334 -1.10753e+06    -0.252334 -2.73102e+07
   -0.224204 -1.16097e+06    -0.224204 -2.86279e+07
   -0.184704  -1.2363e+06    -0.184704 -3.04857e+07
   -0.135932 -1.32881e+06    -0.135932 -3.27668e+07
  -0.0865625 -1.42135e+06   -0.0865625 -3.50487e+07
  -0.0522219 -1.47967e+06   -0.0522219 -3.64868e+07
    -0.04326  -1.4746e+06     -0.04326 -3.63619e+07
  -0.0336277 -1.45821e+06   -0.0336277 -3.59576e+07
  -0.0185726 -1.43297e+06   -0.0185726 -3.53352e+07
   0.0042293 -1.39508e+06    0.0042293  -3.4401e+07
   0.0362852 -1.34177e+06    0.0362852 -3.30863e+07
   0.0764423 -1.27448e+06    0.0764423 -3.14272e+07
    0.118405 -1.20205e+06     0.118405  -2.9641e+07
    0.149615 -1.14013e+06     0.149615 -2.81141e+07
    0.161835 -1.09807e+06     0.161835 -2.70771e+07
    0.178779 -1.03691e+06     0.178779  -2.5569e+07
    0.205574      -941654     0.205574   -2.322e+07
    0.245754      -799778     0.245754 -1.97215e+07
    0.300029      -606864     0.300029 -1.49645e+07
    0.362139      -379377     0.362139 -9.35495e+06
    0.415804      -164675     0.415804 -4.06067e+06
    0.432638     -46093.3     0.432638  -1.1366e+06
    0.413994     -3377.48     0.413994     -83284.3
    0.384509      64226.2     0.384509  1.58374e+06
    0.339045       168747     0.339045  4.16108e+06
    0.273332       320311     0.273332  7.89845e+06
    0.188696       516113     0.188696  1.27267e+07
   0.0969436       727622    0.0969436  1.79422e+07
   0.0237129       895528    0.0237129  2.20826e+07
  0.00389145       935503   0.00389145  2.30683e+07
 -0.00462343       937825  -0.00462343  2.31256e+07
  -0.0181899       941474   -0.0181899  2.32156e+07
  -0.0387894       947285   -0.0387894  2.33589e+07
  -0.0671931       956308   -0.0671931  2.35814e+07
   -0.100385       969217    -0.100385  2.38997e+07
   -0.130042       985421    -0.130042  2.42992e+07
    -0.14218  1.00243e+06     -0.14218  2.47185e+07
    -0.12985  1.01093e+06     -0.12985  2.49283e+07
   -0.112591  1.01626e+06    -0.112591  2.50596e+07
  -0.0855148  1.02474e+06   -0.0855148  2.52687e+07
  -0.0451878  1.03796e+06   -0.0451878  2.55948e+07
   0.0091152  1.05725e+06    0.0091152  2.60704e+07
   0.0711936  1.08236e+06    0.0711936  2.66897e+07
    0.126012  1.10971e+06     0.126012   2.7364e+07
    0.147107  1.13171e+06     0.147107  2.79065e+07
    0.141165  1.13341e+06     0.141165  2.79484e+07
    0.131601  1.13522e+06     0.131601  2.79932e+07
     0.11689  1.13818e+06      0.11689  2.80662e+07
   0.0955682  1.14216e+06    0.0955682  2.81643e+07
   0.0678152  1.14586e+06    0.0678152  2.82556e+07
   0.0373933  1.14699e+06    0.0373933  2.82834e+07
   0.0118898   1.1413e+06    0.0118898   2.8143e+07
  0.00137517  1.12358e+06   0.00137517  2.77062e+07
 -0.00430012   1.1028e+06  -0.00430012  2.71937e+07
   -0.013066  1.07071e+06    -0.013066  2.64025e+07
  -0.0267232  1.02148e+06   -0.0267232  2.51884e+07
  -0.0472247       949504   -0.0472247  2.34136e+07
  -0.0756063       853590   -0.0756063  2.10484e+07
   -0.110762       743010    -0.110762  1.83217e+07
   -0.146194       639543    -0.146194  1.57703e+07
   -0.167939       577332    -0.167939  1.42363e+07
   -0.183756       522177    -0.183756  1.28762e+07
    -0.20902       435403     -0.20902  1.07365e+07
   -0.247779       302660    -0.247779  7.46322e+06
    -0.30237       113315     -0.30237   2.7942e+06
   -0.368663      -126283    -0.368663 -3.11398e+06
   -0.432592      -378891    -0.432592 -9.34298e+06
   -0.468078      -571390    -0.468078 -1.40898e+07
   -0.453037      -622548    -0.453037 -1.53512e+07
   -0.421512      -669422    -0.421512 -1.65071e+07
   -0.372163      -743091    -0.372163 -1.83237e+07
   -0.298468      -853580    -0.298468 -2.10482e+07
   -0.198341 -1.00438e+06    -0.198341 -2.47667e+07
  -0.0812689 -1.18099e+06   -0.0812689 -2.91218e+07
   0.0267105 -1.34367e+06    0.0267105 -3.31331e+07
   0.0801658 -1.42189e+06    0.0801658  -3.5062e+07
   0.0836391 -1.41263e+06    0.0836391 -3.48336e+07
   0.0896654 -1.39733e+06    0.0896654 -3.44563e+07
   0.0991412 -1.37383e+06    0.0991412 -3.38769e+07
    0.113104 -1.33986e+06     0.113104 -3.30392e+07
    0.131337  -1.2958e+06     0.131337 -3.19528e+07
    0.150901 -1.24746e+06     0.150901 -3.07607e+07
    0.165737 -1.20701e+06     0.165737 -2.97634e+07
    0.165419 -1.19128e+06     0.165419 -2.93755e+07
    0.157085 -1.17845e+06     0.157085 -2.90591e+07
    0.143937 -1.15829e+06     0.143937 -2.85621e+07
    0.123959 -1.12736e+06     0.123959 -2.77993e+07
