     0.63662      40.4474 -2.08167e-17      1703.82
    0.636612      47.5027   6.4064e-06      1997.59
    0.636604      55.9977  1.41201e-05      2351.31
    0.636593       66.271  2.34485e-05      2779.07
     0.63658      78.7496   4.3231e-05      3294.13
    0.636564      93.9847  5.70649e-05      3928.49
    0.636544      112.676  7.40373e-05      4706.77
     0.63652       135.73  9.49708e-05      5666.68
    0.636491      164.325   0.00011552      6860.25
    0.636454      200.006  0.000133102      8353.86
    0.636407      244.799  0.000155902      10228.5
    0.636349      301.399   0.00018564      12596.8
    0.636274      373.422  0.000216607      15614.2
    0.636179      465.718  0.000268171      19474.5
    0.636055       584.92  0.000336763      24459.1
    0.635895      740.128  0.000428685      30947.8
    0.635683      943.926  0.000563556      39460.5
    0.635403      1213.98  0.000747841      50737.6
    0.635092      1514.15   0.00094294      63277.7
    0.634874      1724.85   0.00104282        72100
    0.634616      1975.02   0.00114218      82584.8
    0.634307      2274.02   0.00124774      95123.7
    0.633936      2634.06    0.0013575       110231
    0.633396      3070.34   0.00145574       128556
    0.632846      3605.52   0.00154729       151052
    0.632167      4267.25   0.00162024       178888
    0.631318       5089.1    0.0019701       213320
    0.630247      6121.38   0.00256698       256484
    0.628883      7434.26   0.00337423       311356
    0.627126      9123.87   0.00446119       381948
    0.624837      11325.2   0.00593841       473888
    0.621814      14229.7   0.00797368       595147
    0.617775      18111.6    0.0107939       757160
    0.612306      23367.3    0.0146891       976468
    0.604792      30593.4    0.0197999  1.27812e+06
    0.594404      40585.5    0.0270124  1.69517e+06
    0.579989      54449.4    0.0371743  2.27374e+06
    0.560086      73589.2    0.0513634  3.07239e+06
    0.533063      99577.9    0.0707164  4.15679e+06
    0.497504       133777    0.0960463  5.58383e+06
    0.452913       176671     0.127202  7.37405e+06
    0.400581       227034     0.162383  9.47672e+06
    0.344053       281479     0.197342  1.17515e+07
    0.289176       334423     0.225211  1.39667e+07
    0.244452       377740     0.236371  1.57855e+07
    0.219659       402178     0.219659  1.68239e+07
    0.192152       429452     0.192152  1.79875e+07
    0.156747       464566     0.156747  1.94856e+07
    0.113906       507058     0.113906  2.12985e+07
   0.0661889       554380    0.0661889  2.33174e+07
   0.0187244       601427    0.0187244  2.53247e+07
  -0.0208073       640554   -0.0208073  2.69941e+07
  -0.0406859       660069   -0.0406859  2.78268e+07
  -0.0420745       661070   -0.0420745  2.78697e+07
  -0.0439161       662412   -0.0439161  2.79272e+07
  -0.0462404       664089   -0.0462404  2.79991e+07
  -0.0489734       665975   -0.0489734    2.808e+07
  -0.0518989       667782   -0.0518989  2.81577e+07
  -0.0546474       669035   -0.0546474  2.82119e+07
  -0.0566858       669055   -0.0566858  2.82138e+07
   -0.057197       666867    -0.057197   2.8122e+07
  -0.0572639       663228   -0.0572639  2.79687e+07
  -0.0573723       658191   -0.0573723  2.77566e+07
  -0.0575011       651243   -0.0575011   2.7464e+07
  -0.0574384       641920   -0.0574384  2.70712e+07
  -0.0572656       629466   -0.0572656  2.65465e+07
  -0.0568642       613479   -0.0568642  2.58729e+07
  -0.0560384       594090   -0.0560384  2.50557e+07
   -0.054587       572234    -0.054587  2.41342e+07
  -0.0520498       549889   -0.0520498  2.31916e+07
  -0.0479089       529743   -0.0479089  2.23407e+07
  -0.0415174       516333   -0.0415174  2.17724e+07
  -0.0325664       504879   -0.0325664  2.12851e+07
  -0.0208183       489928   -0.0208183   2.0649e+07
 -0.00629894       471323  -0.00629894  1.98576e+07
   0.0102119       449632    0.0102119   1.8935e+07
   0.0269539       426351    0.0269539  1.79453e+07
   0.0409796       404069    0.0409796  1.69992e+07
   0.0482267       386333    0.0482267  1.62482e+07
   0.0442359       376728    0.0442359  1.58457e+07
   0.0367661       365515    0.0367661  1.53774e+07
   0.0261495       350206    0.0261495  1.47382e+07
   0.0110497       329463    0.0110497  1.38725e+07
  -0.0101332       301826   -0.0101332  1.27196e+07
  -0.0389327       266040   -0.0389327  1.12276e+07
  -0.0761127       221602   -0.0761127  9.37557e+06
   -0.120883       169584    -0.120883  7.20834e+06
   -0.169272       112125    -0.169272  4.81384e+06
   -0.214176      52503.3    -0.214176  2.32635e+06
   -0.246519     -3156.05    -0.246519     -943.022
   -0.253703     -46019.7    -0.253703  -1.8027e+06
   -0.253721     -94988.5    -0.253721 -3.86547e+06
   -0.253723      -158525    -0.253723  -6.5419e+06
    -0.25344      -236491     -0.25344 -9.82631e+06
   -0.252427      -325209    -0.252427  -1.3564e+07
    -0.24953      -416913     -0.24953 -1.74286e+07
   -0.243291      -499510    -0.243291 -2.09113e+07
   -0.231696      -555115    -0.231696 -2.32598e+07
   -0.213049      -576393    -0.213049 -2.41661e+07
   -0.188181      -603225    -0.188181 -2.53097e+07
   -0.156628      -637270    -0.156628 -2.67607e+07
   -0.119123      -677611    -0.119123 -2.84801e+07
   -0.078271      -721195    -0.078271 -3.03379e+07
  -0.0386942      -762650   -0.0386942 -3.21054e+07
 -0.00717256      -794104  -0.00717256 -3.34473e+07
  0.00585536      -803402   0.00585536 -3.38459e+07
   0.0112103      -802089    0.0112103 -3.37935e+07
   0.0185009      -800166    0.0185009 -3.37164e+07
   0.0282121      -797133    0.0282121 -3.35938e+07
   0.0407623      -792174    0.0407623 -3.33917e+07
   0.0563154      -784201    0.0563154 -3.30641e+07
   0.0745891      -771995    0.0745891 -3.25597e+07
   0.0944759      -754395    0.0944759  -3.1829e+07
    0.113937      -730900     0.113937 -3.08497e+07
    0.133009      -704562     0.133009 -2.97504e+07
    0.148836      -677158     0.148836 -2.86045e+07
    0.156474      -651467     0.156474 -2.75264e+07
    0.157627      -624315     0.157627 -2.63832e+07
    0.158967      -588365     0.158967 -2.48696e+07
    0.160252      -542962     0.160252 -2.29577e+07
    0.160988      -489215     0.160988 -2.06941e+07
    0.160485      -430781     0.160485 -1.82323e+07
    0.157514      -373992     0.157514 -1.58385e+07
    0.150417      -327716     0.150417 -1.38854e+07
    0.137178      -303944     0.137178 -1.28769e+07
    0.118533      -280856     0.118533 -1.18943e+07
   0.0943538      -251037    0.0943538 -1.06253e+07
   0.0648331      -214676    0.0648331 -9.07781e+06
   0.0316073      -173627    0.0316073 -7.33085e+06
 -0.00187491      -131788  -0.00187491 -5.55047e+06
  -0.0302282     -95140.2   -0.0302282 -3.99153e+06
  -0.0455121     -72338.9   -0.0455121 -3.02286e+06
  -0.0450544     -65226.1   -0.0450544 -2.72348e+06
  -0.0429425     -55062.1   -0.0429425 -2.29646e+06
  -0.0381208     -40329.4   -0.0381208 -1.67844e+06
  -0.0287051     -19544.1   -0.0287051      -807912
  -0.0136869      7472.63   -0.0136869       322109
  0.00811605      40505.2   0.00811605  1.70191e+06
   0.0378004      78833.7    0.0378004  3.30058e+06
   0.0753735       119965    0.0753735  5.01309e+06
    0.115398       163812     0.115398  6.83868e+06
    0.150913       208268     0.150913  8.69235e+06
    0.173695       248185     0.173695  1.03616e+07
    0.176716       279640     0.176716   1.1685e+07
    0.178423       319412     0.178423  1.33595e+07
    0.180799       370101     0.180799  1.54934e+07
    0.183701       430855     0.183701  1.80511e+07
    0.186605       497970     0.186605  2.08767e+07
    0.188025       565125     0.188025  2.37048e+07
    0.186244       622320     0.186244  2.61151e+07
    0.178758       653653     0.178758   2.7439e+07
    0.165698       669111     0.165698  2.80971e+07
    0.148575       689497     0.148575  2.89651e+07
     0.12724       714962      0.12724  3.00492e+07
    0.102454       744476     0.102454  3.13057e+07
   0.0761996       775387    0.0761996  3.26219e+07
   0.0516186       803431    0.0516186  3.38163e+07
   0.0332794       822287    0.0332794  3.46205e+07
   0.0265659       824085    0.0265659  3.46998e+07
   0.0202518       821463    0.0202518  3.45928e+07
   0.0106541       816904    0.0106541  3.44058e+07
 -0.00353532       809147  -0.00353532  3.40867e+07
  -0.0232927       796870   -0.0232927  3.35801e+07
  -0.0484541       779330   -0.0484541  3.28547e+07
  -0.0788748       755172   -0.0788748  3.18534e+07
   -0.112975       723447    -0.112975  3.05352e+07
   -0.148223       685046    -0.148223  2.89365e+07
   -0.182003       643524    -0.182003  2.72055e+07
   -0.208312       601834    -0.208312  2.54634e+07
   -0.217986       564915    -0.217986  2.39134e+07
   -0.221932       521959    -0.221932   2.2106e+07
   -0.226865       465786    -0.226865  1.97424e+07
   -0.232423       396066    -0.232423  1.68085e+07
   -0.237738       315435    -0.237738  1.34148e+07
    -0.24128       230318     -0.24128  9.83121e+06
   -0.240581       150885    -0.240581  6.48476e+06
   -0.232271      91813.5    -0.232271  3.99196e+06
   -0.213416      63523.9    -0.213416  2.79018e+06
   -0.187663      29260.9    -0.187663  1.33309e+06
   -0.154668       -14358    -0.154668      -522003
   -0.114985     -66434.3    -0.114985 -2.73693e+06
  -0.0711457      -123559   -0.0711457 -5.16676e+06
  -0.0280107      -179356   -0.0280107 -7.54024e+06
  0.00730214      -224610   0.00730214 -9.46544e+06
   0.0233656      -244771    0.0233656 -1.03233e+07
   0.0277472      -251222    0.0277472 -1.05974e+07
   0.0317916      -261093    0.0317916 -1.10154e+07
   0.0342525      -275519    0.0342525 -1.16244e+07
     0.03327      -295423      0.03327 -1.24623e+07
   0.0286923      -319291    0.0286923 -1.34653e+07
   0.0190181      -345796    0.0190181 -1.45766e+07
  0.00253908      -372794   0.00253908  -1.5705e+07
  -0.0215851      -397062   -0.0215851 -1.67144e+07
  -0.0463946      -422146   -0.0463946 -1.77578e+07
  -0.0670372      -446753   -0.0670372 -1.87833e+07
  -0.0775403      -467288   -0.0775403 -1.96427e+07
  -0.0781043      -484672   -0.0781043 -2.03747e+07
  -0.0793204      -507202   -0.0793204 -2.13231e+07
  -0.0814143      -534982   -0.0814143 -2.24922e+07
  -0.0845456      -566879   -0.0845456 -2.38341e+07
  -0.0881711      -600598   -0.0881711 -2.52526e+07
  -0.0910459      -632821   -0.0910459 -2.66084e+07
    -0.09204      -657777     -0.09204 -2.76591e+07
  -0.0895301      -667296   -0.0895301 -2.80615e+07
  -0.0850957      -672884   -0.0850957 -2.82992e+07
  -0.0795334      -680239   -0.0795334  -2.8612e+07
  -0.0729647      -689344   -0.0729647 -2.89991e+07
  -0.0658163      -699707   -0.0658163 -2.94395e+07
  -0.0587207      -710212   -0.0587207 -2.98858e+07
   -0.052571      -719203    -0.052571 -3.02678e+07
  -0.0486393      -723927   -0.0486393 -3.04689e+07
  -0.0470348      -722323   -0.0470348 -3.04022e+07
  -0.0430355      -718283   -0.0430355 -3.02342e+07
  -0.0347004      -710561   -0.0347004 -2.99134e+07
  -0.0195371      -697059   -0.0195371 -2.93527e+07
  0.00284295      -677368   0.00284295 -2.85352e+07
   0.0322754      -651466    0.0322754 -2.74598e+07
   0.0689729      -618659    0.0689729 -2.60975e+07
    0.111458      -579186     0.111458 -2.44575e+07
    0.156171      -534385     0.156171 -2.25942e+07
    0.197412      -486664     0.197412 -2.06061e+07
    0.226935      -439695     0.226935 -1.86434e+07
    0.235623      -397334     0.235623 -1.68636e+07
    0.242842      -343725     0.242842 -1.46092e+07
    0.252078      -274731     0.252078 -1.17079e+07
    0.262863      -190867     0.262863  -8.1809e+06
    0.273961     -96423.1     0.273961 -4.20846e+06
    0.282576       369.86     0.282576      -135731
    0.284972      86823.1     0.284972  3.50477e+06
    0.275642       142917     0.275642   5.8727e+06
    0.254064       174847     0.254064  7.22928e+06
    0.225451       216913     0.225451  9.01658e+06
    0.189324       269615     0.189324   1.1256e+07
    0.146679       331176     0.146679   1.3872e+07
    0.100723       396814     0.100723  1.66616e+07
   0.0568772       458391    0.0568772   1.9279e+07
   0.0229961       504227    0.0229961  2.12279e+07
   0.0100516       518217    0.0100516  2.18242e+07
  0.00195307       525186   0.00195307  2.21221e+07
 -0.00725799       535258  -0.00725799  2.25513e+07
  -0.0167453       548974   -0.0167453  2.31341e+07
  -0.0254289       566024   -0.0254289   2.3857e+07
  -0.0331097       584078   -0.0331097  2.46216e+07
  -0.0379136       600885   -0.0379136  2.53322e+07
  -0.0373089       612996   -0.0373089   2.5842e+07
  -0.0306704       618613   -0.0306704  2.60751e+07
   -0.024588       623945    -0.024588  2.62964e+07
  -0.0206209       628230   -0.0206209  2.64748e+07
  -0.0207538       630012   -0.0207538    2.655e+07
  -0.0229182       630259   -0.0229182  2.65615e+07
  -0.0250133       629750   -0.0250133  2.65412e+07
