     1.23696      152.702  1.66533e-16        27349
     1.23207      2652.18  2.22045e-16      51613.6
     1.16555      36594.4    2.498e-15       381120
 4.28616e-14       631386  4.29934e-14  6.15527e+06
 4.28616e-14       631383  4.29934e-14  6.15199e+06
 4.28616e-14       631383  4.29934e-14  6.15199e+06
 4.28616e-14       631383  4.29934e-14  6.15199e+06
 4.28616e-14       631383  4.29934e-14  6.15199e+06
 4.28617e-14       631389  4.29795e-14  6.16034e+06
  4.2862e-14       631532   4.2924e-14   6.3599e+06
 4.14257e-14       634406  4.15085e-14  1.03638e+07
  3.8111e-14       640956  3.83027e-14  1.94894e+07
  3.8111e-14       640953  3.83027e-14  1.94862e+07
  3.8111e-14       640953  3.83027e-14  1.94862e+07
  3.8111e-14       640953  3.83027e-14  1.94862e+07
  3.8111e-14       640953  3.83027e-14  1.94862e+07
  3.8111e-14       640990  3.83027e-14   1.9537e+07
 3.78905e-14       641487  3.80251e-14  2.02303e+07
 3.34715e-14       650372  3.36536e-14  3.26092e+07
 3.34711e-14       650376  3.36536e-14   3.2615e+07
 3.34711e-14       650376  3.36536e-14   3.2615e+07
 3.34711e-14       650376  3.36536e-14   3.2615e+07
 3.34711e-14       650376  3.36536e-14   3.2615e+07
 3.34715e-14       650382  3.36536e-14  3.26229e+07
 3.34719e-14       650519  3.35981e-14  3.28138e+07
 3.21462e-14       653244  3.23214e-14  3.66107e+07
 2.89421e-14       659656   2.9074e-14  4.55447e+07
 2.89421e-14       659653   2.9074e-14  4.55416e+07
 2.89421e-14       659653   2.9074e-14  4.55416e+07
 2.89421e-14       659653   2.9074e-14  4.55416e+07
 2.89421e-14       659653   2.9074e-14  4.55416e+07
 2.89421e-14       659688   2.9074e-14  4.55897e+07
 2.87214e-14       660162  2.88242e-14  4.62497e+07
 2.44128e-14       668770  2.46053e-14  5.82441e+07
 2.44119e-14       668788  2.46053e-14  5.82691e+07
 2.44119e-14       668788  2.46053e-14  5.82691e+07
 2.44119e-14       668788  2.46053e-14  5.82691e+07
 2.44119e-14       668788  2.46053e-14  5.82691e+07
 2.44128e-14       668793  2.46053e-14  5.82765e+07
 2.43017e-14       668925  2.45914e-14  5.84592e+07
 2.31985e-14       671206  2.33147e-14    6.206e+07
 2.01046e-14       677481  2.02477e-14  7.08039e+07
 2.01054e-14       677479  2.02477e-14  7.08009e+07
 2.01054e-14       677479  2.02477e-14  7.08009e+07
 1.99936e-14       677387  2.02477e-14   7.0737e+07
 2.04359e-14       675995  2.05252e-14  6.97675e+07
 2.71753e-14       643884  2.72699e-14  4.74366e+07
 2.80596e-14       639378  2.80609e-14  4.46112e+07
 2.39721e-14       647713  2.39808e-14  5.62246e+07
 2.39721e-14       647750  2.39808e-14  5.62758e+07
 2.39721e-14       647750  2.39808e-14  5.62758e+07
 2.38611e-14       647737  2.39669e-14  5.62665e+07
 2.38607e-14       647311   2.4078e-14    5.597e+07
 2.54081e-14       640475  2.53686e-14  5.12151e+07
 3.18153e-14       609886  3.17524e-14  3.00078e+07
 3.06001e-14       612341  3.06005e-14  3.34217e+07
 2.75066e-14       618481  2.75335e-14  4.19773e+07
 2.75066e-14       618479  2.76446e-14  4.19744e+07
 2.75066e-14       618479  2.76446e-14  4.19744e+07
 2.76177e-14       618392  2.75474e-14  4.19139e+07
  2.7838e-14       617064   2.7936e-14  4.09895e+07
 3.41339e-14       586248  3.43475e-14  1.95586e+07
 3.52403e-14       581535  3.52079e-14  1.65733e+07
 3.12634e-14       589600  3.11973e-14  2.78107e+07
 3.12634e-14       589659  3.11973e-14  2.78933e+07
 3.12634e-14       589659  3.11973e-14  2.78933e+07
 3.12634e-14       589646  3.11973e-14  2.78845e+07
 3.13738e-14       589239  3.13083e-14  2.76006e+07
 3.25883e-14       582760  3.26961e-14  2.30942e+07
 3.88856e-14       552951  3.88509e-14  2.42586e+06
 3.77811e-14       555278  3.76921e-14  5.66273e+06
 3.47981e-14       561285  3.47777e-14  1.40319e+07
 3.47981e-14       561283  3.47777e-14   1.4029e+07
 3.47981e-14       561283  3.47777e-14   1.4029e+07
 3.47981e-14       561200  3.47777e-14  1.39716e+07
 3.50189e-14       559934  3.50692e-14  1.30903e+07
 4.12053e-14       530370  4.12309e-14  -7.4702e+06
 4.21999e-14       525459   4.2133e-14 -1.06069e+07
 3.83332e-14       533259  3.83044e-14       260218
 3.83335e-14       533126  3.82559e-14       378535
 3.74492e-14       522421  3.74839e-14       389561
 2.76177e-14       385866  2.75821e-14       521961
-5.10373e-14      -700508   -5.102e-14  1.36849e+06
-4.97114e-14      -706643 -4.97241e-14   -2.896e+06
-4.37465e-14      -735689 -4.36873e-14 -2.30361e+07
-4.48513e-14      -733482 -4.47697e-14 -1.99672e+07
-4.77235e-14      -727608 -4.76286e-14 -1.17826e+07
-4.76124e-14      -727554 -4.76286e-14 -1.17848e+07
-4.75016e-14      -726586 -4.76008e-14 -1.17754e+07
-4.60666e-14      -702930 -4.59771e-14 -1.15994e+07
-4.46291e-14      -690306 -4.47559e-14 -1.23055e+07
-3.87745e-14      -718656 -3.88162e-14 -3.20183e+07
-3.76691e-14      -723753 -3.79141e-14  -3.5298e+07
-4.14254e-14      -716214  -4.1564e-14 -2.47946e+07
 -4.1647e-14      -716095 -4.16889e-14 -2.46377e+07
-4.16472e-14      -715767 -4.16334e-14 -2.46311e+07
-4.12047e-14      -711631 -4.13142e-14 -2.45547e+07
-3.91061e-14      -678200 -3.91492e-14 -2.41295e+07
-3.78911e-14      -684014  -3.7928e-14 -2.81713e+07
-3.19259e-14      -712312 -3.20022e-14 -4.77939e+07
-3.30309e-14      -710220 -3.30291e-14 -4.48845e+07
-3.57917e-14      -704476 -3.59435e-14 -3.68822e+07
-3.56807e-14      -704425 -3.58741e-14 -3.68832e+07
-3.57921e-14      -703485 -3.57631e-14 -3.68544e+07
-3.44668e-14      -680579 -3.44308e-14 -3.62006e+07
-3.33618e-14      -667718 -3.33483e-14 -3.65719e+07
-2.75066e-14      -694898 -2.75474e-14  -5.5472e+07
-2.66228e-14      -700170 -2.66454e-14 -5.88864e+07
-3.02692e-14      -692888 -3.01148e-14 -4.87398e+07
-3.02688e-14      -692739 -3.02119e-14 -4.85417e+07
-3.01573e-14      -692420  -3.0323e-14 -4.85286e+07
-3.00476e-14      -688437  -2.9976e-14 -4.83724e+07
-2.80587e-14      -655430  -2.8158e-14 -4.72555e+07
-2.69546e-14      -660941 -2.70201e-14 -5.10863e+07
-2.12096e-14      -688506 -2.12746e-14  -7.0202e+07
-2.22045e-14      -686522 -2.21906e-14  -6.7444e+07
-2.49661e-14      -680908   -2.498e-14 -5.96218e+07
-2.49661e-14      -680859 -2.49939e-14 -5.96218e+07
-2.48551e-14      -679948 -2.48551e-14 -5.95753e+07
-2.36399e-14      -657478 -2.38282e-14 -5.84889e+07
-2.26459e-14      -644397 -2.26902e-14 -5.85293e+07
-1.72327e-14      -670448 -1.73334e-14 -7.66446e+07
-1.62387e-14      -675882 -1.62093e-14 -8.01838e+07
-1.97741e-14      -668646  -1.9873e-14 -7.02444e+07
-2.03249e-14      -665821 -2.04975e-14 -6.81608e+07
-2.77274e-14      -630368 -2.77833e-14 -4.36782e+07
-2.76177e-14      -626547 -2.75474e-14 -4.34505e+07
-2.58495e-14      -593970 -2.59376e-14 -4.16811e+07
-2.48556e-14      -599193 -2.48551e-14 -4.53119e+07
-1.92216e-14      -626040 -1.91375e-14 -6.39314e+07
-2.02165e-14      -624129 -2.01505e-14 -6.12952e+07
-2.28667e-14      -617989   -2.294e-14 -5.31962e+07
-2.60712e-14      -603363 -2.60209e-14 -4.30462e+07
-3.03793e-14      -581513 -3.04062e-14 -2.83878e+07
-2.94955e-14      -560076 -2.94625e-14 -2.69105e+07
-2.86117e-14      -546791 -2.86854e-14 -2.66244e+07
-2.33082e-14      -571752 -2.34396e-14 -4.39822e+07
-2.22045e-14      -577339 -2.21906e-14 -4.76396e+07
-2.56288e-14      -570371 -2.56878e-14  -3.8058e+07
-2.62919e-14      -567803 -2.62707e-14 -3.61311e+07
-3.29197e-14      -535530 -3.30014e-14 -1.38513e+07
-3.29205e-14      -531852 -3.28348e-14   -1.356e+07
-3.14838e-14      -499709 -3.14956e-14 -1.11755e+07
-3.04344e-14      -504659 -3.04479e-14  -1.4617e+07
-2.49661e-14      -530805   -2.498e-14 -3.27507e+07
-2.57385e-14      -528995 -2.58821e-14 -3.02532e+07
 -2.8667e-14      -523050 -2.86993e-14 -2.23781e+07
-3.13737e-14      -510061  -3.1336e-14 -1.33658e+07
-3.54059e-14      -489925 -3.53459e-14       133466
-3.45771e-14      -469194 -3.45869e-14  1.96216e+06
-3.38035e-14      -455720 -3.38583e-14   2.5695e+06
-2.88326e-14      -479630 -2.88519e-14 -1.40573e+07
-2.77278e-14      -485359 -2.77695e-14 -1.78247e+07
-3.10422e-14      -478652  -3.1003e-14 -8.59189e+06
-3.15945e-14      -476319  -3.1572e-14 -6.80549e+06
-3.76706e-14      -447076 -3.76227e-14  1.33775e+07
-3.75602e-14      -443532   -3.747e-14  1.37257e+07
-3.63999e-14      -411826 -3.64084e-14   1.6689e+07
-3.53503e-14      -415894 -3.53606e-14  1.34264e+07
-2.89434e-14      -424985 -2.89005e-14 -4.24895e+06
-7.65013e-15      -118276 -7.63625e-15 -2.19699e+06
 5.43513e-14       779945  5.43454e-14  4.54101e+06
 5.18096e-14       791418  5.19723e-14  1.24968e+07
  4.8386e-14       809884  4.83363e-14  2.48651e+07
 4.89385e-14       829923  4.89053e-14  2.70083e+07
 4.94908e-14       843570  4.94188e-14  2.79312e+07
 5.43516e-14       820430  5.42622e-14  1.20082e+07
 5.51244e-14       811111  5.51365e-14  8.12394e+06
  4.7171e-14       747705  4.71012e-14  1.67126e+07
 4.63971e-14       747686   4.6449e-14   1.8358e+07
 4.09846e-14       774047   4.0995e-14  3.65463e+07
 4.10952e-14       777461  4.11199e-14   3.6945e+07
 4.19786e-14       808727  4.20081e-14  4.04524e+07
 4.28624e-14       804242  4.28407e-14  3.73601e+07
 4.79441e-14       778476    4.792e-14   2.0157e+07
 4.58446e-14       762016  4.59077e-14  2.22229e+07
 3.95478e-14       713049  3.95933e-14  2.91383e+07
 3.74492e-14       723130  3.74839e-14   3.6127e+07
 3.41355e-14       739970  3.40561e-14  4.73929e+07
 3.45769e-14       759333  3.45557e-14  4.98163e+07
 3.50189e-14       773138  3.50553e-14  5.10487e+07
 3.96588e-14       750993  3.96627e-14  3.58029e+07
 4.06532e-14       741797  4.06203e-14  3.17916e+07
 3.32516e-14       682235  3.32651e-14  3.93668e+07
 3.24775e-14       681749  3.26406e-14  4.08738e+07
 2.75058e-14       705369  2.76584e-14  5.71656e+07
 2.77278e-14       708658  2.77833e-14  5.76089e+07
 2.82795e-14       739482  2.82968e-14  6.16271e+07
 2.90514e-14       735231  2.93099e-14  5.86955e+07
 3.41346e-14       710187  3.42781e-14  4.19381e+07
 3.23682e-14       695005  3.23908e-14  4.37223e+07
 2.65126e-14       648436  2.65205e-14  4.99064e+07
 2.46344e-14       657235  2.47302e-14  5.60049e+07
  2.1652e-14       672493  2.17881e-14  6.61979e+07
 2.18723e-14       691194  2.19269e-14  6.88695e+07
 2.23146e-14       705141  2.23155e-14  7.04046e+07
 2.66232e-14       683956  2.66454e-14  5.58117e+07
 2.76172e-14       674585  2.76584e-14  5.16867e+07
 2.08783e-14       618731  2.09138e-14  5.83513e+07
 2.03258e-14       617810  2.03865e-14  5.97271e+07
 1.59065e-14       638826  1.61537e-14  7.42167e+07
 1.60184e-14       641984  1.60566e-14  7.46918e+07
 1.64599e-14       671983  1.64591e-14  7.89239e+07
  1.8336e-14       662336  1.85962e-14  7.22331e+07
 2.99374e-14       606596  2.99621e-14  3.40539e+07
 2.82803e-14       592634  2.82968e-14  3.55913e+07
 2.27557e-14       548414  2.29816e-14  4.11102e+07
 2.13206e-14       556035  2.13995e-14  4.63901e+07
 1.85585e-14       569757  1.86101e-14  5.55404e+07
 1.86691e-14       587745   1.8735e-14  5.83837e+07
 1.89996e-14       600746  1.93456e-14  5.94666e+07
 2.88324e-14       554544  2.88797e-14  2.74452e+07
 3.13731e-14       538176  3.14887e-14  1.80461e+07
 2.52975e-14       485894  2.53686e-14  2.38959e+07
 2.47452e-14       484571  2.47927e-14  2.51472e+07
 2.08783e-14       503114  2.09138e-14  3.79254e+07
 2.08783e-14       506157  2.09624e-14  3.84358e+07
  2.1099e-14       535772  2.11636e-14  4.31591e+07
 2.29226e-14       527295    2.294e-14  3.72803e+07
 3.32516e-14       476899  3.32234e-14  2.77229e+06
 3.18155e-14       464058  3.17732e-14  4.09442e+06
  2.6678e-14       422139  2.67703e-14  9.01104e+06
 2.53525e-14       428677  2.54033e-14  1.35393e+07
 2.29777e-14       440909  2.29539e-14  2.16771e+07
 2.30328e-14       458278  2.30163e-14  2.47195e+07
 2.33641e-14       471576   2.3391e-14  2.62187e+07
 3.18705e-14       430640  3.18912e-14 -2.14939e+06
 3.44118e-14       415263  3.43545e-14 -1.10267e+07
 2.87219e-14       366417  2.87825e-14 -5.90216e+06
 2.82252e-14       364729  2.81997e-14 -4.76884e+06
 2.48557e-14       380925  2.48759e-14  6.38483e+06
 2.48558e-14       383856  2.48482e-14  6.92595e+06
 2.49113e-14       413080  2.48482e-14  1.21068e+07
 2.64578e-14       405657  2.64164e-14  6.95948e+06
 3.56815e-14       360247  3.57631e-14 -2.41235e+07
 3.44672e-14       348454  3.43753e-14 -2.29884e+07
 2.98275e-14       308786   2.9754e-14 -1.86144e+07
 2.85569e-14       312894  2.85119e-14 -1.47738e+07
 2.44691e-14       297064  2.44665e-14 -7.59014e+06
-2.20388e-14      -326553  -2.2031e-14 -3.71578e+06
-6.00961e-14      -840300 -6.00214e-14 -1.27819e+06
 -5.2584e-14      -876424 -5.25413e-14 -2.63046e+07
-5.01535e-14      -890806 -5.01682e-14  -3.4645e+07
-5.52349e-14      -936349 -5.52058e-14 -3.01624e+07
-5.58984e-14      -938355 -5.58581e-14 -2.91408e+07
-5.86597e-14      -923558 -5.86475e-14 -1.95259e+07
-5.79972e-14      -910521 -5.78981e-14 -1.89322e+07
-5.10374e-14      -781096  -5.0987e-14 -1.30674e+07
-4.96007e-14      -787567  -4.9627e-14 -1.75511e+07
 -4.1204e-14      -828332 -4.13003e-14 -4.54437e+07
-4.24201e-14      -839144 -4.25771e-14 -4.44702e+07
-4.67291e-14      -876612  -4.6671e-14 -4.05822e+07
-4.76117e-14      -871850 -4.77396e-14 -3.73732e+07
-4.92687e-14      -860117 -4.94049e-14 -3.11532e+07
-4.56241e-14      -787807  -4.5644e-14 -2.74454e+07
-4.21995e-14      -725873 -4.22162e-14 -2.48798e+07
-3.54595e-14      -757616 -3.57908e-14 -4.68683e+07
-3.33613e-14      -771006 -3.35149e-14 -5.46615e+07
-3.81123e-14      -813380 -3.81223e-14 -5.07436e+07
-3.86644e-14      -815682 -3.86358e-14 -4.98273e+07
-4.09841e-14      -803084  -4.0995e-14 -4.16679e+07
-4.04321e-14      -791223  -4.0426e-14 -4.09894e+07
-3.45774e-14      -670716 -3.45557e-14 -3.40938e+07
-3.33618e-14      -676338 -3.34038e-14  -3.7988e+07
-2.58491e-14      -712783 -2.59931e-14 -6.29135e+07
-2.69541e-14      -722677 -2.70201e-14 -6.20788e+07
 -3.0931e-14      -757996 -3.09752e-14 -5.86232e+07
-3.14826e-14      -754078 -3.17246e-14 -5.59902e+07
 -3.2919e-14      -743933 -3.30291e-14  -5.0676e+07
-3.00476e-14      -678073 -3.00732e-14 -4.65221e+07
-2.70647e-14      -619206  -2.7145e-14 -4.33023e+07
-2.12096e-14      -646967 -2.12885e-14 -6.25288e+07
-1.92216e-14      -659370 -1.92485e-14 -6.97685e+07
-2.34188e-14      -698707 -2.35645e-14 -6.63438e+07
-2.38603e-14      -701269 -2.39669e-14 -6.55265e+07
-2.59601e-14      -690750  -2.6007e-14 -5.87469e+07
-2.55186e-14      -679685 -2.54935e-14  -5.8002e+07
-2.05474e-14      -567636 -2.05252e-14 -5.02244e+07
-1.94419e-14      -572495 -1.96093e-14 -5.35904e+07
-1.28144e-14      -604930 -1.29757e-14 -7.57612e+07
-1.38075e-14      -613940 -1.38917e-14 -7.50265e+07
-1.76751e-14      -646568 -1.77219e-14 -7.15387e+07
-2.07672e-14      -630903 -2.09971e-14 -6.07177e+07
-2.69546e-14      -598586 -2.69784e-14 -3.97859e+07
-2.45242e-14      -538728 -2.45498e-14  -3.5284e+07
-2.20388e-14      -482892 -2.20518e-14 -3.14769e+07
 -1.7012e-14      -507040 -1.70766e-14 -4.81979e+07
-1.50787e-14      -518468 -1.52794e-14 -5.48817e+07
    -1.9e-14      -554752 -1.91097e-14 -5.17839e+07
-1.98843e-14      -555612 -1.98869e-14 -4.97182e+07
-2.78931e-14      -516295 -2.79915e-14 -2.28289e+07
-2.75619e-14      -506547 -2.76029e-14 -2.20327e+07
  -2.353e-14      -402514 -2.35506e-14 -1.35096e+07
-2.26462e-14      -406693 -2.26902e-14  -1.6403e+07
-1.67362e-14      -435411 -1.67644e-14  -3.6021e+07
  -1.762e-14      -443626  -1.7715e-14 -3.53908e+07
-2.10444e-14      -474342 -2.11567e-14 -3.23287e+07
-2.35855e-14      -462231 -2.35853e-14 -2.39723e+07
-2.85567e-14      -436157 -2.85189e-14 -7.22021e+06
-2.65683e-14      -381816 -2.65205e-14 -2.45675e+06
-2.44692e-14      -328968 -2.44561e-14  1.87365e+06
-2.01054e-14      -349847 -2.01159e-14   -1.258e+07
-1.83933e-14      -360316  -1.8395e-14   -1.871e+07
-2.19284e-14      -393854 -2.18991e-14  -1.6003e+07
-2.26462e-14      -395359 -2.26902e-14 -1.43423e+07
-2.89988e-14      -364747 -2.89352e-14   6.5427e+06
-2.86118e-14      -355916 -2.86229e-14  7.37622e+06
-2.54083e-14      -259475 -2.53825e-14  1.65203e+07
-2.46349e-14      -263045 -2.46123e-14  1.40486e+07
-1.94425e-14      -288326 -1.94775e-14 -3.20826e+06
-2.02715e-14      -295799 -2.02269e-14 -2.66565e+06
-2.34198e-14      -324637 -2.33949e-14      27501.6
-2.52979e-14      -315625 -2.52506e-14  6.23541e+06
-2.91095e-14      -295292 -2.90254e-14   1.9143e+07
-2.75075e-14      -246049 -2.74364e-14  2.40925e+07
-2.58504e-14      -196137 -2.57711e-14  2.88851e+07
-2.18731e-14      -210889 -2.18436e-14  1.64747e+07
 -1.6902e-14      -173629 -1.68997e-14  1.08451e+07
 5.46825e-14       827616  5.46924e-14  1.21574e+07
 6.09797e-14       920767  6.09235e-14  1.33592e+07
 5.64509e-14       943527  5.63161e-14  2.88283e+07
 5.65607e-14       951516  5.64965e-14  2.96872e+07
 5.88796e-14  1.04077e+06  5.90361e-14  3.93388e+07
 5.95426e-14  1.03768e+06  5.96745e-14  3.72425e+07
 6.41835e-14  1.01382e+06  6.40599e-14  2.21621e+07
 6.10889e-14       977027  6.12566e-14  2.25818e+07
 5.01532e-14       835375  5.01682e-14  2.47674e+07
 4.89387e-14       841694  4.89053e-14  2.91056e+07
 4.60656e-14       856764  4.61575e-14  3.84885e+07
 4.71702e-14       901305  4.72955e-14  4.35582e+07
 4.84955e-14       948337  4.86833e-14  4.87551e+07
 5.16995e-14       932703   5.1778e-14  3.81885e+07
 5.28045e-14       918707  5.27911e-14  3.31239e+07
 4.14256e-14       770588  4.14946e-14  3.46995e+07
 3.99897e-14       755864  4.00374e-14  3.56389e+07
 3.67861e-14       771564  3.68455e-14  4.62385e+07
 3.68963e-14       778779  3.70814e-14  4.71125e+07
 3.88847e-14       861242  3.89966e-14  5.71686e+07
 3.93266e-14       858643  3.95239e-14  5.54057e+07
 4.33043e-14       837925  4.32293e-14  4.23244e+07
  4.0874e-14       805912  4.09256e-14  4.25525e+07
 3.11517e-14       678965   3.1225e-14  4.39466e+07
 3.02679e-14       682963  3.04479e-14  4.66767e+07
 2.85011e-14       693226  2.85605e-14  5.28396e+07
 2.92735e-14       733432  2.94487e-14  5.79725e+07
 3.02683e-14       777648  3.02258e-14  6.35187e+07
 3.28084e-14       764449  3.30014e-14  5.46038e+07
 3.38033e-14       752059  3.39173e-14  5.00467e+07
 2.40819e-14       621648  2.42306e-14  5.09018e+07
 2.27565e-14       607044   2.2829e-14  5.15153e+07
 2.09893e-14       616418  2.11359e-14  5.77517e+07
