V_fluid	Pressure	Strain_rate	Hoop_stress
     1.00222      100.244            0      2471.89
     1.00212  2.18279e-11            0      2224.99
     1.00212  2.18279e-11            0      2224.99
     1.00212  2.18279e-11            0      2224.99
     1.00212 -5.36602e-11            0      2451.37
     1.00212 -6.18456e-11            0      3879.25
     1.00211  3.81988e-11            0       5768.2
     1.00211  6.45741e-11            0      8292.26
     1.00209  2.27374e-11            0        12311
     1.00208  6.18456e-11            0      16969.1
     1.00206   8.2764e-11            0      23413.8
     1.00203 -3.09228e-11            0      32450.8
       1.002  1.18234e-11            0      44608.5
     1.00195  3.36513e-11            0      61643.9
     1.00187  1.09139e-11            0      86913.7
     1.00176 -2.09184e-11            0       125083
     1.00161   8.2764e-11            0       174698
     1.00151 -4.18368e-11            0       209944
     1.00137  1.36424e-11            0       255046
      1.0012  1.09139e-11            0       313608
     1.00094  2.09184e-11  1.38778e-17       391999
     1.00057  4.54747e-12            0       497379
     1.00007  3.04681e-11            0       641972
    0.999359  6.77574e-11  1.38778e-17       845620
    0.998282 -1.95541e-11            0  1.16191e+06
    0.996615  4.36557e-11            0  1.65955e+06
    0.994064  5.54792e-11 -1.38778e-17  2.43045e+06
    0.990082 -3.63798e-12 -1.38778e-17  3.64669e+06
    0.983816  6.18456e-11  1.38778e-17  5.57865e+06
    0.974074  4.72937e-11 -2.77556e-17  8.59989e+06
    0.959624  5.82077e-11            0  1.30824e+07
     0.94006  4.36557e-11  4.16334e-17  1.90904e+07
    0.918065            0            0  2.59366e+07
    0.898616  1.16415e-10 -1.38778e-17  3.19511e+07
    0.889716  8.73115e-11 -2.77556e-17  3.42456e+07
    0.887597            0 -5.55112e-17  3.40264e+07
    0.884893  8.73115e-11            0  3.36817e+07
    0.881345            0 -5.55112e-17  3.31526e+07
    0.876417  8.73115e-11 -4.16334e-17  3.23924e+07
    0.868788  5.82077e-11 -5.55112e-17  3.14204e+07
    0.856713  2.91038e-11  2.77556e-17  3.03887e+07
    0.836277  2.91038e-11            0  2.95805e+07
    0.801675  5.82077e-11            0  2.93574e+07
    0.746736  2.91038e-11  1.38778e-17  2.92072e+07
    0.660328  8.73115e-11 -1.38778e-17  2.89728e+07
    0.527972  5.82077e-11            0  2.86152e+07
    0.338505            0 -1.04083e-17  2.81003e+07
   0.0973168  1.45519e-11  1.56125e-17  2.74282e+07
   -0.159745  1.45519e-11 -3.46945e-17  2.66699e+07
   -0.360471  2.91038e-11 -6.93889e-17  2.59911e+07
   -0.419998 -1.45519e-11 -4.16334e-17   2.5617e+07
   -0.471096            0 -4.16334e-17  2.51611e+07
    -0.55151 -1.45519e-11            0  2.44448e+07
   -0.672666 -7.27596e-11  6.93889e-18  2.33659e+07
   -0.839457            0 -2.77556e-17  2.18772e+07
    -1.03761  7.27596e-12            0   2.0117e+07
     -1.2248 -1.30967e-10 -2.77556e-17  1.84755e+07
    -1.32554            0            0  1.75889e+07
     -1.3197  1.45519e-10 -2.77556e-17  1.76279e+07
    -1.31015  2.91038e-11 -2.77556e-17  1.77136e+07
    -1.29549 -4.36557e-11 -1.38778e-17  1.78667e+07
    -1.27411 -2.91038e-11            0  1.81014e+07
    -1.24578 -1.38243e-10 -5.55112e-17  1.83864e+07
    -1.21346 -2.91038e-11 -5.55112e-17  1.85879e+07
    -1.18385 -1.30967e-10 -2.77556e-17  1.84725e+07
    -1.16741 -5.09317e-11 -1.38778e-17  1.76391e+07
    -1.15265 -5.09317e-11 -2.77556e-17   1.6085e+07
    -1.12943 -3.63798e-11 -4.16334e-17  1.36336e+07
    -1.09358 -4.00178e-11 -1.38778e-17  9.84247e+06
    -1.04124  2.91038e-11 -1.38778e-17  4.31342e+06
   -0.972239 -3.45608e-11            0 -2.92557e+06
   -0.894379 -9.45874e-11  2.77556e-17 -1.09727e+07
   -0.826047 -2.18279e-11  4.16334e-17 -1.77772e+07
   -0.795895  7.27596e-12  1.38778e-17 -2.02296e+07
   -0.775379 -2.91038e-11  1.38778e-17 -2.13502e+07
   -0.743072 -1.45519e-11 -2.77556e-17 -2.31246e+07
   -0.693847 -4.36557e-11  1.38778e-17  -2.5836e+07
    -0.62435            0  2.08167e-17 -2.96607e+07
   -0.538366 -2.91038e-11 -2.77556e-17 -3.43717e+07
   -0.452179 -1.45519e-11  6.93889e-17  -3.9091e+07
   -0.393273 -5.82077e-11  6.93889e-18 -4.21579e+07
   -0.385951 -5.82077e-11 -2.08167e-17 -4.21039e+07
   -0.381713 -5.82077e-11  5.55112e-17 -4.16335e+07
   -0.375624 -2.91038e-11  2.42861e-17 -4.09063e+07
   -0.366565 -4.36557e-11  3.46945e-17 -3.98278e+07
   -0.352855 -2.91038e-11  7.63278e-17   -3.836e+07
   -0.332132 -1.45519e-11  2.77556e-17 -3.66162e+07
   -0.302796 -2.91038e-11 -1.73472e-17 -3.49241e+07
   -0.262259 -2.91038e-11  5.55112e-17 -3.38539e+07
   -0.216389 -4.36557e-11  6.59195e-17 -3.31966e+07
    -0.14612 -1.45519e-11  6.76542e-17 -3.21662e+07
  -0.0365942 -1.45519e-11  5.76796e-17 -3.05612e+07
    0.125876 -1.45519e-11 -3.46945e-18  -2.8175e+07
    0.344509            0  6.93889e-18 -2.49455e+07
     0.59753 -1.45519e-11  4.85723e-17 -2.11591e+07
    0.827385  1.45519e-11  2.77556e-17 -1.76356e+07
    0.934943  4.36557e-11            0 -1.58122e+07
    0.961015  7.27596e-12 -2.77556e-17 -1.51729e+07
      1.0025 -1.45519e-11  2.77556e-17 -1.41611e+07
     1.06666  5.09317e-11            0 -1.26011e+07
     1.15919 -1.45519e-11            0 -1.03525e+07
       1.277  1.09139e-11  2.77556e-17 -7.47674e+06
      1.4016  1.09139e-11  1.38778e-17 -4.46142e+06
     1.49379  1.50067e-10  1.38778e-17 -2.17813e+06
     1.50197 -2.09184e-11            0 -1.79935e+06
      1.4858   1.2551e-10            0 -1.89093e+06
     1.46076 -7.45786e-11            0 -2.05182e+06
     1.42302  6.27551e-11  1.38778e-17 -2.30027e+06
     1.36995  9.27685e-11  2.77556e-17 -2.61458e+06
     1.30337 -5.82077e-11  1.38778e-17 -2.87571e+06
     1.23293  1.03682e-10  1.38778e-17 -2.86382e+06
     1.17645  1.63709e-11            0 -2.22796e+06
     1.14529 -5.18412e-11            0      -942969
     1.10154   7.7307e-11            0       903641
       1.033  3.27418e-11            0  3.79968e+06
    0.929718  4.36557e-11            0  8.15619e+06
    0.786626  2.18279e-11 -1.38778e-17  1.41594e+07
    0.613553  2.91038e-11            0  2.13408e+07
    0.443864  5.82077e-11 -3.46945e-17  2.82413e+07
    0.336946  5.82077e-11 -6.93889e-17  3.22654e+07
    0.314623  2.91038e-11 -1.38778e-17  3.27442e+07
     0.28063  4.36557e-11 -3.46945e-18  3.34601e+07
    0.227774  2.91038e-11            0  3.45818e+07
    0.150082  1.45519e-11   3.1225e-17  3.62349e+07
   0.0473295            0 -6.89553e-17  3.84086e+07
  -0.0669233            0  3.46945e-18  4.08128e+07
    -0.16384 -1.45519e-11 -2.08167e-17  4.27632e+07
   -0.196456            0  5.89806e-17  4.31214e+07
   -0.197838  1.45519e-11  6.93889e-18  4.25852e+07
   -0.199561            0 -7.97973e-17  4.17531e+07
    -0.20216            0 -4.68375e-17  4.04866e+07
   -0.207041  1.45519e-11 -3.81639e-17  3.86672e+07
   -0.217052  1.45519e-11  6.93889e-18  3.63076e+07
   -0.235902  1.45519e-11  2.08167e-17  3.36806e+07
   -0.267225  4.36557e-11 -1.38778e-17  3.13657e+07
   -0.307458            0 -5.20417e-17  3.00687e+07
   -0.353793 -1.45519e-11  6.93889e-18  2.85797e+07
   -0.426814  1.45519e-11 -3.46945e-17  2.62342e+07
   -0.538089  1.45519e-11            0  2.26541e+07
   -0.695007  2.91038e-11 -4.16334e-17  1.75796e+07
   -0.889211 -1.45519e-11            0  1.12365e+07
    -1.08641  -1.2551e-10 -1.38778e-17  4.69273e+06
    -1.22137 -3.27418e-11            0     -25895.3
    -1.23968   -1.437e-10 -1.38778e-17      -939733
     -1.2514 -5.27507e-11            0 -1.74462e+06
    -1.27007 -4.91127e-11            0 -3.00716e+06
    -1.29814 -1.60071e-10            0 -4.89494e+06
    -1.33597 -7.63976e-11            0 -7.46138e+06
    -1.37897 -2.54659e-11            0 -1.04287e+07
     -1.4154 -7.27596e-11  2.77556e-17 -1.31117e+07
    -1.42313 -8.00355e-11  2.77556e-17 -1.43107e+07
    -1.40343 -5.82077e-11 -2.77556e-17 -1.41595e+07
    -1.37322 -1.01863e-10 -4.16334e-17 -1.38965e+07
    -1.32674 -1.60071e-10 -1.38778e-17 -1.34852e+07
    -1.25836 -9.45874e-11  1.38778e-17 -1.29108e+07
    -1.16627 -8.73115e-11  1.38778e-17 -1.22522e+07
    -1.05805 -1.96451e-10            0 -1.17391e+07
   -0.954169 -3.63798e-11            0 -1.17297e+07
   -0.888591 -4.36557e-11  2.77556e-17 -1.26323e+07
   -0.836766 -1.01863e-10 -2.77556e-17 -1.37278e+07
   -0.754899  1.45519e-11 -2.08167e-17 -1.54602e+07
   -0.628685 -2.18279e-11  4.16334e-17 -1.81263e+07
   -0.446244 -2.91038e-11            0 -2.19539e+07
    -0.21117 -2.91038e-11  5.20417e-17 -2.68175e+07
   0.0428495 -2.91038e-11  6.76542e-17 -3.19609e+07
    0.245476  2.91038e-11  6.93889e-17 -3.58314e+07
     0.30016 -1.45519e-11  8.32667e-17 -3.65461e+07
    0.323317 -1.45519e-11  1.38778e-17 -3.65803e+07
    0.359838 -1.45519e-11  2.08167e-17 -3.66444e+07
    0.415291 -5.82077e-11  4.85723e-17 -3.67504e+07
    0.492795 -5.82077e-11  2.77556e-17 -3.68978e+07
    0.586825            0            0 -3.70566e+07
    0.678623  2.91038e-11  6.93889e-17 -3.71605e+07
    0.734984  2.91038e-11  2.77556e-17 -3.70316e+07
    0.734605  4.36557e-11  5.55112e-17 -3.64727e+07
    0.729015 -1.45519e-11  9.71445e-17 -3.56356e+07
    0.720215  5.82077e-11  3.46945e-17 -3.43417e+07
    0.707835  4.36557e-11  4.85723e-17 -3.24071e+07
    0.693475 -1.45519e-11 -3.46945e-17 -2.97263e+07
     0.68245  2.91038e-11  1.38778e-17 -2.64202e+07
    0.682496            0            0  -2.3013e+07
    0.705662  5.09317e-11  2.77556e-17 -2.04342e+07
    0.727962  3.63798e-11  1.38778e-17 -1.88265e+07
    0.762484  2.18279e-11  2.08167e-17 -1.63191e+07
    0.816124  7.27596e-12            0 -1.24187e+07
    0.894496  9.82254e-11  1.38778e-17 -6.67926e+06
    0.996788  7.54881e-11            0       922671
     1.10924 -1.30967e-10            0  9.48554e+06
     1.20097  1.45519e-11 -2.77556e-17    1.686e+07
     1.22507  1.30967e-10            0  1.95331e+07
      1.2198  1.16415e-10 -2.77556e-17  1.99055e+07
     1.21186  5.82077e-11 -5.55112e-17  2.04977e+07
     1.19997 -5.82077e-11 -2.77556e-17  2.14118e+07
     1.18286  4.36557e-11 -2.77556e-17  2.27229e+07
     1.16005  1.16415e-10 -2.77556e-17  2.43719e+07
     1.13404 -1.45519e-11  1.38778e-17  2.60583e+07
     1.10751  5.82077e-11  2.77556e-17  2.72281e+07
     1.08349  2.91038e-11  2.77556e-17  2.71948e+07
     1.05325 -1.45519e-11  5.55112e-17  2.68021e+07
      1.0062  8.73115e-11 -2.77556e-17  2.61824e+07
    0.934778  8.73115e-11            0  2.52609e+07
